	POLYMORPHISMS				PATHOGENIC SNPS				
Gene(Protein Name)	TM	ILproximal	ILdistant	ELs	Other	TM	ILproximal	ILdistant	ELs	Other
SCN1A(Nav1.1)	7.625177443	1.851851852	0	4.166666667	0	817.422729256	390.101010106	500.64685314	173.19758312	80
SCN2A(Nav1.2)	1.593853188	0	0	0	0	120.643775214	86.665659917	71.969696973	24.692982457	0
SCN3A(Nav1.3)	0.943396226	0.943396226	0	0	0	22.401956831	17.614555256	0	0	4
SCN4A(Nav1.4)	13.557419743	3.196347032	3.846153846	0	0	127.226215478	97.662337661	92.482517486	24.444444443	12
SCN5A(Nav1.5)	11.546799977	1.171875	4.545454545	0	0	277.893439067	177.66842532	164.527972026	69.597656733	20
SCN8A(Nav1.6)	2.209202523	1.421800948	0	0	0	82.564685013	94.759647939	101.53846154	19.071770335	12
SCN9A(Nav1.7)	18.32618783	0.934579439	8.846153846	8.545454545	0	45.37775804	56.701055954	45	12.5	0
SCN10A(Nav1.8)	44.913818565	3.968253968	4.166666667	21.28879892	8	0	0	0	0	0
SCN11A(Nav1.9)	21.95881492	18.361425808	0	0	0	26.858974359	0	22.692307692	4.166666667	0
CACNA1S(Cav1.1)	31.05263158	26.347117799	20	37.470238096	2.845528455	31.57894737	7.142857143	20	0	0
CACNA1C(Cav1.2)	8	1.581418334	0	1.923076923	2.152080344	16	3.162836669	40	0	0.143472023
CACNA1D(Cav1.3)	0	0	0	0	0.143472023	20	0	20	0	0
CACNA1F(Cav1.4)	13.090909091	1.315789474	0	0	0.373134328	42.025062657	8.994708995	40	0	0.746268657
CACNA1A(Cav2.1)	0	2.158104253	0	0	0.143266476	86.36842105	24.269997004	20	18.18181818	0.429799427
CACNA1B(Cav2.2)	5	2.457665904	0	6.666666667	0	0	0	0	0	0
CACNA1E(Cav2.3)	0	0.227272727	0	0	0.169779287	4	0	0	0	0
CACNA1G(Cav3.1)	0	0	0	0	0	12.17948718	23.624878527	0	0	0.191204589
CACNA1H(Cav3.2)	18.831168831	12.966189186	40	24.188311688	3.87755102	17.717370349	2.53839205	0	0	0.408163265
CACNA1I(Cav3.3)	0	0.334448161	0	6.25	0.405679513	0	0	0	0	0
KCNA1(Kv1.1)	0	0	0	0	0	92.752649644	26.66666667	20	0	0
KCNA2(Kv1.2)	0	0	0	0	0	38.483355733	20	0	0	0
KCNA3(Kv1.3)	0	0	0	0	0	0	0	0	0	0
KCNA4(Kv1.4)	0	0	0	0	0	0	0	0	0	0
KCNA5(Kv1.5)	4.545454545	0	0	3.703703704	3.333333333	0	0	0	0	2.222222222
KCNA6(Kv1.6)	0	0	0	0	0	0	0	0	0	0
KCNA7(Kv1.7)	0	0	0	2.272727273	1.587301587	0	0	0	0	0
KCNA10(Kv1.8)	4.761904762	0	0	3.125	0	0	0	0	0	0
KCNB1(Kv2.1)	0	0	0	0	2.054794521	47.35781461	22.22222222	0	5	0.228310502
KCNB2(Kv2.2)	0	0	0	0	0.205338809	0	0	0	0	0
KCNC1(Kv3.1)	0	0	0	0	0	4.347826087	0	0	0	0
KCNC2(Kv3.2)	0	0	0	0	0	0	0	0	0	0
KCNC3(Kv3.3)	0	0	0	0	0.917431193	22.13438735	0	0	0	0.458715596
KCNC4(Kv3.4)	4.761904762	0	0	0	1.226993865	0	0	0	0	0
KCND1(Kv4.1)	0	0	0	0	0	0	0	0	0	0
KCND2(Kv4.2)	4.545454545	0	0	0	0	0	0	0	0	0
KCND3(Kv4.3)	0	0	0	0	0.790513834	19.047619052	0	0	0	0
KCNF1(Kv5.1)	0	0	0	0	0	0	0	0	0	0
KCNG1(Kv6.1)	4.761904762	0	0	0	0	0	0	0	0	0
KCNG2(Kv6.2)	0	0	0	0	0	0	0	0	0	0
KCNG3(Kv6.3)	0	0	0	0	0	0	0	0	0	0
KCNG4(Kv6.4)	0	0	0	19.047619052	0	0	0	0	0	0
KCNQ1(Kv7.1)	4.761904762	0	0	0	1.219512195	265.631469972	152.7173913	80	32.5	13.41463415
KCNQ2(Kv7.2)	0	0	0	0	2.142857143	257.142857144	84.72222222	80	87.5	12.32142857
KCNQ3(Kv7.3)	0	0	0	0	1.535508637	13.852813853	0	0	0	0.575815739
KCNQ4(Kv7.4)	0	0	0	0	0.529100529	9.523809524	25	0	0	0.529100529
KCNQ5(Kv7.5)	0	0	0	0	0	9.523809524	0	0	0	0.341296928
KCNV1(Kv8.1)	0	0	0	0	0	0	0	0	0	0
KCNV2(Kv8.2)	0	2.040816327	0	2.352941176	3.773584906	4.761904762	0	0	4.705882353	0
KCNS1(Kv9.1)	0	0	0	0	3.225806452	0	0	0	0	0
KCNS2(Kv9.2)	0	0	0	0	0	0	0	0	0	0
KCNS3(Kv9.3)	4.347826087	0	0	0	1.282051282	0	0	0	0	0
KCNH1(Kv10.1)	0	0	0	0	0	40.96555619	25	0	0	0.610997963
KCNH5(Kv10.2)	4.761904762	0	0	0	0.575815739	0	0	0	0	0
KCNH2(Kv11.1)	4.761904762	0	0	0	1.8	123.809523818	10.52631579	40	11.53846154	7.2
KCNH6(Kv11.2)	0	0	0	0	0.207039337	0	0	0	0	0
KCNH7(Kv11.3)	0	0	0	0	0.187265918	0	0	0	0	0
KCNH8(Kv12.1)	0	0	0	0	0.313479624	0	0	0	0	0
KCNH3(Kv12.2)	0	0	0	0	0	0	0	0	0	0
KCNH4(Kv12.3)	0	0	0	0	0	0	0	0	0	0
