	POLYMORPHISMS								PATHOGENIC SNPS							
Gene(Protein Name)	N-terminal	VSD	S5	Pore loop	S6	Ils	Els	C-terminal	N-terminal	VSD	S5	Pore loop	S6	Ils	Els	C-terminal
SCN1A(Nav1.1)	0	20.881980648	0	0.793650794	0.793650794	2.700162466	9.090909091	2.242152466	17.07317073	317.041563334	125.85526316	214.70019379	272.88201201	376.639506622	146.759906751	15.24663677
SCN2A(Nav1.2)	0.806451613	1.419948546	0	4.248997177	4.248997177	0.613496933	0	0.436681223	0	47.537653145	88.61842105	7.401612415	7.401612415	92.822740865	43.33333333	1.746724891
SCN3A(Nav1.3)	0	1.531415084	0	0	0	1.531415084	0	1.310043668	0	0	0	0	0	0	0	0
SCN4A(Nav1.4)	1.5625	23.142935694	6.25	3.979513055	2.46436154	9.648617512	9.090909091	0	0.78125	13.801313476	45.49707602	2.46436154	22.46436154	67.406028386	11.11111111	0.840336134
SCN5A(Nav1.5)	3.174603175	62.688983431	0	2.654867257	2.654867257	17.847713586	41.66666667	6.557377049	1.587301587	146.648694745	103.15789474	47.595698599	52.723903729	147.065441748	127.82051282	15.16393443
SCN8A(Nav1.6)	0.787401575	1.849166933	0	0	0	1.061765358	0	0	0	64.269312528	17.192982457	0.909090909	20.909090909	51.462294985	50	3.738317757
SCN9A(Nav1.7)	0	30.264970589	0	1.886792453	1.886792453	13.598303919	16.66666667	1.315789474	1.652892562	27.883895279	53.28947368	1.886792453	35.220125783	100.353809727	12.5	0
SCN10A(Nav1.8)	0.8	15.034891824	5.263157895	8.030626781	4.953703704	11.805742027	7.692307692	0	0	0.384615385	0	0	0	0.384615385	0	0
SCN11A(Nav1.9)	0	2.009803921	0	2.601246106	2.601246106	2.009803921	0	1.069518717	0	0	6.666666667	0	0	6.666666667	0	0
CACNA1S(Cav1.1)	0	24.650903819	5	4.015984016	5	2.611430134	22.916666667	1.016260163	0	21.052631575	15.789473685	0	0	5.263157895	0	0
CACNA1C(Cav1.2)	2.419354839	11.206587899	0	1.111111111	8	2.360944378	1.923076923	4.304160689	1.612903226	2.040816327	0	1.449275362	8	18.742496999	0	0.286944046
CACNA1D(Cav1.3)	0	0.746268657	5	0	0	0.746268657	0	0.286944046	0	0	0	0	12	0	0	0
CACNA1F(Cav1.4)	2.173913043	14.354066986	0	1.111111111	5.111111111	0.636942675	0	0.373134328	1.086956522	20.629560627	4.761904762	4.851123171	14.222222222	24.33667874	0	0.559701493
CACNA1A(Cav2.1)	1.020408163	1.325757576	0	0	0	2.113159151	0	0.143266476	0	15.978867624	15.78947368	10.172233066	15.298850575	6.239953409	0	0.143266476
CACNA1B(Cav2.2)	0	13.937337173	0	0	0	2.270670506	6.666666667	0	0	0	0	1.149425287	1.149425287	0	0	0
CACNA1E(Cav2.3)	0	0.224719101	0	0	0	0.224719101	0	0.169779287	0	0	0	0	4	0.793650794	0	0
CACNA1G(Cav3.1)	0	0	0	0	0	0	0	0	0	0	4.166666667	0	0	9.090909091	0	0
CACNA1H(Cav3.2)	0	11.310339933	0	1.418439716	0	14.718369811	12.5	1.224489796	0	4.545454545	0	1.298701299	1.298701299	1.871657754	0	0
KCNA1(Kv1.1)	0	0	0	0	0	0	2.941176471	0	0	50.216450212	13.63636364	0	17.24137931	18.18181818	0	0
KCNA2(Kv1.2)	0	0	0	0	0	0	0	0	0	14.285714286	0	0	3.448275862	0	0	0
KCNA3(Kv1.3)	0	0	0	0	0	0	0	0	0	0	0	0	0	0	0	0
KCNA4(Kv1.4)	0	0	0	0	0	0	0	0	0	0	0	0	0	0	0	0
KCNA5(Kv1.5)	0.4048583	4.545454545	0	0	0	0	7.407407408	1.111111111	0.4048583	0	0	0	0	0	1.851851852	3.333333333
KCNA6(Kv1.6)	0	0	0	0	0	0	0	0	0	0	0	0	0	0	0	0
KCNA7(Kv1.7)	0	0	0	0	0	0	2.272727273	1.587301587	0	0	0	0	0	0	0	0
KCNA10(Kv1.8)	0	4.761904762	0	0	0	0	3.125	0	0	0	0	0	0	0	0	0
KCNB1(Kv2.1)	0	0	0	0	0	0	0	0.913242009	0	9.090909091	4.761904762	7.5	3.448275862	0	0	0
KCNB2(Kv2.2)	0	0	0	0	0	0	0	0.205338809	0	0	0	0	0	0	0	0
KCNC1(Kv3.1)	0	0	0	0	0	0	0	0	0	4.347826087	0	0	0	0	0	0
KCNC2(Kv3.2)	0	0	0	0	0	0	0	0	0	0	0	0	0	0	0	0
KCNC3(Kv3.3)	1.034482759	0	0	0	0	0	0	0	0	13.04347826	4.545454545	0	4.545454545	0	0	0
KCNC4(Kv3.4)	0	4.761904762	0	0	0	0	0	1.226993865	0	0	0	0	0	0	0	0
KCND1(Kv4.1)	0	0	0	0	0	0	0	0	0	0	0	0	0	0	0	0
KCND2(Kv4.2)	0	0	0	0	0	0	0	0	0	0	0	0	0	0	0	0
KCND3(Kv4.3)	0	0	0	0	0	0	5.263157895	0	0	0	4.761904762	7.5	4.761904762	0	0	1.185770751
KCNF1(Kv5.1)	0	0	0	0	0	0	0	0	0	0	0	0	0	0	0	0
KCNG1(Kv6.1)	0	4.761904762	0	0	0	0	0	0	0	0	0	0	0	0	0	0
KCNG2(Kv6.2)	0	0	0	0	0	0	0	0	0	0	0	0	0	0	0	0
KCNG3(Kv6.3)	0	0	0	0	0	0	0	0	0	0	0	0	0	0	0	0
KCNG4(Kv6.4)	0.917431193	0	0	2.380952381	0	0	19.047619052	0	0	0	0	0	0	0	0	0
KCNQ1(Kv7.1)	1.652892562	4.761904762	0	2.222222222	0	7.142857143	0	2.43902439	5.785123967	133.126294	61.9047619	51.11111111	57.14285714	134.06593406	25	15.24390244
KCNQ2(Kv7.2)	2.197802198	0	0	0	0	0	0	1.25	2.197802198	79.503105586	28.57142857	46.15384615	28.57142857	42.809364547	55	5.714285714
KCNQ3(Kv7.3)	0	0	0	0	4.761904762	0	0	1.151631478	0	4.545454545	0	10.41666667	0	4.347826087	10	0.575815739
KCNQ4(Kv7.4)	0	0	0	0	0	0	0	0.529100529	0	4.761904762	0	31.57894737	4.761904762	7.692307692	0	0.529100529
KCNQ5(Kv7.5)	0	0	0	0	0	0	0	0	0	0	0	0	0	0	0	0
KCNV1(Kv8.1)	0.476190476	0	0	0	0	0	0	0	0	0	0	0	0	0	0	0
KCNV2(Kv8.2)	1.935483871	0	0	0	0	0	1.176470588	1.886792453	0.64516129	4.761904762	0	2.5	0	0	3.529411765	0
KCNS1(Kv9.1)	0	0	0	0	0	0	0	3.225806452	0	0	0	0	0	0	0	0
KCNS2(Kv9.2)	0	0	0	0	0	0	0	0	0	0	0	0	0	0	0	0
KCNS3(Kv9.3)	0	4.347826087	0	0	0	0	0	1.282051282	0	0	0	0	0	0	0	0
KCNH1(Kv10.1)	0	0	0	0	0	0	0	0	0.454545455	17.39130435	13.63636364	1.282051282	14.28571429	11.11111111	2.777777778	0.407331976
KCNH5(Kv10.2)	0	0	0	0	0	0	0	0.19193858	0	0	0	0	0	0	0	0
KCNH2(Kv11.1)	1.488833747	4.761904762	0	0	0	0	0	3.4	10.91811414	71.428571434	52.38095238	52.85714286	19.04761905	12.5	7.692307692	9.2
KCNH6(Kv11.2)	0.383141762	0	0	0	0	0	0	0.207039337	0	0	0	0	0	0	0	0
KCNH7(Kv11.3)	0	0	0	0	0	0	0	0.187265918	0	0	0	0	0	0	0	0
KCNH8(Kv12.1)	0	0	0	0	0	0	0	0.313479624	0	0	0	0	0	0	0	0
KCNH3(Kv12.2)	0	0	0	0	0	0	0	0	0	0	0	0	0	0	0	0
KCNH4(Kv12.3)	0	0	0	0	0	0	0	0	0	0	0	0	0	0	0	0
