0	0	0.976000000000001	2.09399999999997	0	0.994000000000001	0	0	0	0	0	0	2.05499999999998	0	0	1.013	3.02799999999996	6.01499999999995	0	0	
0	0	0	0	2.94299999999997	2.16599999999997	0	0	0	0	0	0	0	0	7.07799999999996	1.98199999999997	0	0	2.06899999999997	8.03199999999996	
0	0	0	3.07399999999996	0	8.02699999999996	4.81099999999995	0	0	0	0	8.94599999999995	0	0	0	0	0	3.96899999999996	0	3.98299999999996	
0	0	0	0	0	0	0	0	4.96499999999996	0	0	0	0	1.041	0	0	0	1.96299999999997	0	0	
0	1.99499999999997	0	0	0	0	0	1.014	0	5.04399999999995	0	0	0	0	0	5.00899999999995	0	1.99599999999997	0	0	
0.914000000000001	4.02499999999996	4.95499999999995	12.2289999999999	0	0	0	0	0	0	0	0	0	0	22.9979999999999	11.9619999999999	0	6.06799999999995	1.98999999999997	0	
0	0	1	0	0	0	0	0	0	0	0	0	2.92499999999996	1.97799999999998	2.00399999999997	0	0	0	0	5.04799999999996	
0	0	0	0	0.968000000000001	0	0	0	1.051	0	2.00299999999997	2.99999999999997	0	0	0.965000000000001	0	1.99799999999997	0	0	0	
0	0	0	2.89299999999996	0	0	0	0.943000000000001	0	0	0	1.97499999999998	0	1.031	2.93899999999996	0	0	0	0	0	
0	0	0	0	2.04299999999998	0	1.97099999999997	0	0	0	0	0	4.06999999999996	1.029	0.973000000000001	1.029	0	1.082	0	0	
0	0	0	0	0	0	0	1.005	3.96399999999996	0	0	0	0	0	2.95399999999996	0	4.03699999999996	3.93499999999996	0	0	
0	0	1.97799999999997	0	0	0	1.99999999999997	2.02599999999997	2.00999999999997	0	0	0	0	0	0	4.08399999999997	1.99099999999997	0	0	1.97299999999997	
2.94399999999996	0	0	0	0	0	1.016	0	0	4.91499999999995	0	0	0	0	0	6.03399999999995	4.10299999999995	0	0	0	
0	0	0	0.987000000000001	0	0	0	0	2.96699999999996	1.021	0	0	0.986000000000001	0	1.01	0	0	0	0	0	
0	11.9739999999999	0	0	0	0	11.0269999999999	0	0	0	0	0	3.00399999999996	2.89999999999997	0	3.07499999999996	0	0	1.96399999999997	0	
0	0	0	0	2.93899999999997	0.988000000000001	0	1.89699999999998	0	3.09799999999997	0	0.990000000000001	1.056	0	0.998000000000001	0	0	0	0	1.002	
2.95199999999997	0	0	0	0	0	0	7.03099999999996	1.94899999999998	0	4.95799999999995	0	1.98299999999997	0	4.07599999999996	3.01799999999997	0	0	0	0	
6.96499999999996	0	0	0.978000000000001	1.016	1.031	0	1.97199999999997	0	3.97499999999997	3.02799999999996	0	0	0	0	0	0	0	0	0	
0	2.00099999999997	0	0	0	1.94999999999997	0	0	0	4.01199999999996	0	0	0	0	8.99799999999996	3.09399999999996	0	0	0	0	
0	6.88499999999995	2.96799999999996	0	0	0	3.99899999999996	0	0	0	0	0.968000000000001	0	0	0	0	0	0	0	0	



0	0	0.975897728441045	1.3700514738655	0	0.956493010365931	0	0	0	0	0	0	1.39208940550272	0	0	1.02072174115812	1.7088405824231	2.52252614221104	0	0	
0	0	0	0	1.76376355044031	1.50156541605709	0	0	0	0	0	0	0	0	2.585072261775	1.39700666699471	0	0	1.4050669781947	2.80193269491379	
0	0	0	1.74113628287839	0	2.70028934793339	2.23254636307138	0	0	0	0	2.90508580312589	0	0	0	0	0	1.97279774202297	0	2.00217874319946	
0	0	0	0	0	0	0	0	2.14671455563691	0	0	0	0	1.01998007792277	0	0	0	1.41620501221987	0	0	
0	1.43563088432787	0	0	0	0	0	1.00140242001245	0	2.28938972333356	0	0	0	0	0	2.16277520713472	0	1.35418529670714	0	0	
0.955781103348199	1.95299492810125	2.20132251631168	3.33101405800916	0	0	0	0	0	0	0	0	0	0	4.59533601743258	3.42903985312425	0	2.42223930346348	1.42966567558431	0	
0	0	0.982326302694255	0	0	0	0	0	0	0	0	0	1.6888538205621	1.41828330298552	1.39137339342102	0	0	0	0	2.20965576019854	
0	0	0	0	0.959112035111587	0	0	0	1.03027203226161	0	1.40533482343745	1.74270968237313	0	0	0.966803863102394	0	1.39137771001692	0	0	0	
0	0	0	1.70483355711268	0	0	0	0.97913722721062	0	0	0	1.40011975749767	0	1.02815178650629	1.64924194677403	0	0	0	0	0	
0	0	0	0	1.46331551358287	0	1.37769991545948	0	0	0	0	0	2.10274143001975	1.02626127872595	0.987545566668313	1.02626127872595	0	1.05184712880835	0	0	
0	0	0	0	0	0	0	0.983840913432122	1.93195145809526	0	0	0	0	0	1.64151715756449	0	1.92388469829466	1.97349174552865	0	0	
0	0	1.3803700306155	0	0	0	1.39998569991267	1.43016410574779	1.43246359533216	0	0	0	0	0	0	2.0265860581409	1.44810773632904	0	0	1.39936743896278	
1.72622242015442	0	0	0	0	0	1.00635816524573	0	0	2.23624143950867	0	0	0	0	0	2.48817906008289	2.00609456791434	0	0	0	
0	0	0	1.03918762064938	0	0	0	0	1.66573878074735	1.0176416828111	0	0	0.978141482997609	0	0.997444181342938	0	0	0	0	0	
0	3.35776690653156	0	0	0	0	3.25466801131296	0	0	0	0	0	1.67295630032072	1.68903903236511	0	1.71415090155835	0	0	1.42081762472272	0	
0	0	0	0	1.64681237273437	1.0103845193177	0	1.35876312771477	0	1.76394657161363	0	1.00842298511929	1.02367568688131	0	0.99849536453255	0	0	0	0	1.01933067992435	
1.68954152081284	0	0	0	0	0	0	2.59360092646608	1.35950257346106	0	2.15473406221716	0	1.43623597426529	0	1.99504491282883	1.73974213684175	0	0	0	0	
2.59432178141138	0	0	0.981059875073121	0.9933432089317	1.00550984582451	0	1.46675402415244	0	1.95196956564009	1.74535448040284	0	0	0	0	0	0	0	0	0	
0	1.34715025658381	0	0	0	1.39479225888497	0	0	0	1.98135856971469	0	0	0	0	3.02574803166939	1.75049370985109	0	0	0	0	
0	2.55113372508838	1.71636881873387	0	0	0	1.96286827165041	0	0	0	0	0.991947559077572	0	0	0	0	0	0	0	0	
