0	0	14.827	13.1049999999999	0	7.95699999999998	0	0	0	0	0	0	25.0099999999999	0	0	12.8969999999999	33.86	46.7239999999998	0	0	
0	0	0	0	5.97899999999995	2.96199999999996	0	0	0	0	0	0	0	0	19.0689999999999	3.98999999999996	0	0	3.04999999999996	15.149	
2.01799999999997	0	0	7.89899999999996	0	25.8319999999999	7.90699999999997	0	0	0	0	26.0199999999999	0	0	0	0	0	9.09799999999995	0	15.063	
2.95899999999996	0	8.04099999999996	0	0	7.91799999999997	0	0	38.8609999999999	0	0	0	0	6.04699999999994	0	0	0	3.01099999999996	0	0	
0	9.97299999999994	0	0	0	0	0	6.10299999999995	0	28.07	0	0	0	0	0	31.004	0	8.00299999999996	0	1.009	
5.79199999999996	8.11299999999996	20.7629999999999	25.6939999999999	0	0	0	0	0	0	0	0	0	0	64.1390000000001	28.1909999999999	0	23.0919999999999	5.97199999999996	0	
0	0	1.062	0	0	0	0	0	0	0.986000000000001	0	1.91999999999998	5.03599999999996	4.99899999999995	6.96199999999996	0	0	0	0	7.01799999999996	
0	0	0	0	9.13499999999995	0	0	0	0.952000000000001	7.95799999999997	18.8369999999999	18.9979999999999	0	0	3.03299999999996	5.91399999999996	34.891	15.943	0	0	
0	0	0	8.07699999999996	0	0	0	0.997000000000001	0	0	0	11.0189999999999	0	3.00999999999996	7.15799999999995	0	3.02799999999996	0	0	0	
0	0	0	0	29.1789999999999	0	5.00499999999996	7.02299999999996	0	0	0.942000000000001	0	54.2129999999999	7.85299999999996	16.0969999999999	10.008	0	13.932	7.08799999999996	0	
0	0	0	0	0	0	0	12.0769999999999	14.688	5.01599999999996	0	0	0	0	8.97799999999995	0	28.3229999999999	23.8739999999999	0	0	
0	0	10.9539999999999	0	0	0	2.92799999999996	8.94299999999996	17.9989999999999	0	0	0	0	0	1.004	11.9829999999999	7.06199999999996	0	0	3.98099999999996	
4.02099999999997	0	0	0	0	0	4.04399999999996	0	0	29.1149999999999	0	0	0	1.91299999999998	4.97099999999996	11.9699999999999	4.98199999999996	0	0	0	
0	0	0	3.98499999999996	0	0	4.02199999999996	0	8.11599999999996	3.01699999999996	0	0	5.11699999999995	0	3.92799999999996	0	0	0	0	0	
0	45.1739999999998	0	0.973000000000001	0	20.0449999999999	45.8689999999998	0	3.00499999999997	20.9179999999999	0	0	13.1039999999999	64.117	0	19.0939999999999	5.03399999999995	0	32.6240000000001	0	
1.012	3.03199999999997	0	0	19.0999999999999	3.99999999999996	0	6.94199999999997	0	13.979	0	2.92499999999996	15.867	0	10.0369999999999	0	1.98699999999998	0	6.01999999999995	9.97999999999994	
8.05699999999996	0	0	0	0	0	0	29.1659999999999	8.85099999999996	0	20.9869999999999	1.044	8.01299999999996	0	9.92899999999995	6.98599999999996	0	0	0	0	
17	0	8.23499999999997	10.9049999999999	11.0499999999999	8.04399999999996	0	13.1609999999999	0	27.8889999999999	31.255	0	0	0	0	0	0	0	0	0	
0	3.94099999999996	0	0	1.025	5.05299999999996	0	0	0	5.91499999999995	0	0	0	0	17.4149999999999	7.98799999999996	0	0	0	0	
0	28.813	7.91699999999996	0	1.96399999999997	0	12.9909999999999	0	0	0	0	2.07199999999997	0	0	0	5.04099999999996	0	0	0	0	



0	0	3.90644740542239	3.70076622750893	0	2.8236720992573	0	0	0	0	0	0	5.05365604680804	0	0	3.70082248791906	5.68301827347904	6.75451311697945	0	0	
0	0	0	0	2.33195132817926	1.71391175195618	0	0	0	0	0	0	0	0	4.4038202316435	2.01791277610604	0	0	1.72640681198856	3.97020925916526	
1.43028728642945	0	0	2.80297264625534	0	5.21449584974108	2.81572002856805	0	0	0	0	4.92664915250435	0	0	0	0	0	2.98115468959315	0	3.8078249080716	
1.71471841981687	0	2.87011438039611	0	0	2.77758726073385	0	0	6.07722071440652	0	0	0	0	2.49980800063526	0	0	0	1.67082933618928	0	0	
0	3.20476856286714	0	0	0	0	0	2.42327531726449	0	5.14310718841748	0	0	0	0	0	5.50202292400316	0	2.90954574744177	0	1.00195954155991	
2.40343764481471	2.7935703025045	4.54439022119386	5.16401307425059	0	0	0	0	0	0	0	0	0	0	7.90773110387622	5.27999975354142	0	4.86221936744705	2.46602864892063	0	
0	0	1.01940923833129	0	0	0	0	0	0	0.969919968216319	0	1.31884014927486	2.28120755476303	2.19723162794159	2.60640544607883	0	0	0	0	2.65041519402163	
0	0	0	0	3.12514664320597	0	0	0	0.978086219437039	2.84997515048085	4.31103421652114	4.51246699249516	0	0	1.73808283229883	2.4241453092751	5.92521959316507	3.99821669456981	0	0	
0	0	0	2.82436684020472	0	0	0	0.981812077209762	0	0	0	3.38941397989786	0	1.73231085573603	2.60342347953879	0	1.7482197437028	0	0	0	
0	0	0	0	5.55263818295329	0	2.23427101466383	2.57936506220506	0	0	0.967249487759795	0	7.32292675480618	2.70937847701862	3.94932756152084	3.08244017580835	0	3.75732531110808	2.6962057646859	0	
0	0	0	0	0	0	0	3.42911502137648	3.73558705033233	2.31540603460928	0	0	0	0	3.10663276992425	0	5.23029894241496	4.75970364400756	0	0	
0	0	3.33001095688483	0	0	0	1.76859943004173	3.11182172279108	4.23709239360578	0	0	0	0	0	0.995477259898472	3.55067857152943	2.70988920428483	0	0	1.95408737201218	
2.03487092949399	0	0	0	0	0	2.06647872825595	0	0	5.41545031387991	0	0	0	1.37160938765828	2.24169225902759	3.20895581106961	2.16248753808024	0	0	0	
0	0	0	2.02357848127269	0	0	1.93475043849569	0	2.97748373789168	1.78378611186792	0	0	2.27342901351229	0	2.009690238533	0	0	0	0	0	
0	6.84547913477096	0	0.99260075370526	0	4.39047278220139	6.50816373451032	0	1.65883294117483	4.57954672956268	0	0	3.49791643974229	7.84658396245652	0	4.38661673803472	2.26538649593749	0	5.66734000592366	0	
0.999427263413821	1.75043995613676	0	0	4.34313974710264	1.96923281454425	0	2.68809632674536	0	3.76121067021056	0	1.67097790744437	4.06248874642316	0	3.18775670225831	0	1.40670174870503	0	2.50237124780913	3.18837980262166	
2.90967647981992	0	0	0	0	0	0	5.29343597906542	2.96269751688838	0	4.54791320437347	1.01246683357485	2.70335701288955	0	3.10444787306803	2.65760547615082	0	0	0	0	
3.93846562908851	0	2.8421563737509	3.31737546563243	3.33505961305381	2.85485800246076	0	3.55101234702003	0	5.27508345957725	5.60011931447325	0	0	0	0	0	0	0	0	0	
0	1.92749428902766	0	0	0.989623339637032	2.34599545922295	0	0	0	2.41113844243516	0	0	0	0	4.24839073342177	2.80779980407075	0	0	0	0	
0	5.33821388926367	2.68016684075718	0	1.40665656173875	0	3.60137319489232	0	0	0	0	1.47070696570696	0	0	0	2.16979884483033	0	0	0	0	
