0	0	0	0	0	0	0	0	0	0	0	0	0	0	0	0	0.963000000000001	3.04699999999997	0	0	
0	0	0	0	0	0	0	0	0	0	0	0	0	0	1.055	0	0	0	0	0	
0	0	0	0	0	0	0	0	0	0	0	0	0	0	0	0	0	0	0	0	
0	0	1.025	0	0	0	0	0	3.85399999999996	0	0	0	0	0	0	0	0	0	0	0	
0	0	0	0	0	0	0	0	0	0	0	0	0	0	0	0	0	1.011	0	0.982000000000001	
0	0	0.944000000000001	1.039	0	0	0	0	0	0	0	0	0	0	1.032	3.02099999999996	0	0	0	0	
0	0	0	0	0	0	0	0	0	0	0	0	0	0	1.009	0	0	0	0	0	
0	0	0	0	0	0	0	0	0	0	0	0	0	0	0	0	0	0.997000000000001	0	0	
0	0	0	0	0	0	0	0	0	0	0	0	0	0	2.03599999999997	0	0	0	0	0	
0	0	0	0	0	0	0	0	0	0	1	0	0	0	0	0	0	0	0	0	
0	0	0	0	0	0	0	0	0	0.949000000000001	0	0	0	0	1.023	0	0	2.96599999999996	0	0	
0	0	0	0	0	0	0	0	0	0	0	0	0	0	0	1.98199999999997	1.04	0	0	0	
0	0	0	0	0	0	0	0	0	1.99399999999997	0	0	0	0	0	1.064	0	0	0	0	
0	0	0	0	0	0	0	0	0	0	0	0	0	0	1.002	0	0	0	0	0	
0	0.988000000000001	0	0	0	0	4.96799999999995	0	0	0	0	0	0	0.963000000000001	0	0	0	0	1.031	0	
0	0	0	0	0	0	0	0	0	0	0	1.038	0	0	0	0	0.961000000000001	0	0	0	
0	0	0	0	0	0	0	0	0	0	0.982000000000001	0	0	0	0	1.053	0	0	0	0	
0.984000000000001	0	0	0	0	0	0	3.04499999999996	0	0	0.938000000000001	0	0	0	0	0	0	0	0	0	
0	0	0	0	0	0	0	0	0	0	0	0	0	0	0	0	0	0	0	0	
0	0	0	0	0	0	1.014	0	0	0	0	0	0	0	0	0	0	0	0	0	



0	0	0	0	0	0	0	0	0	0	0	0	0	0	0	0	0.962578598119423	1.70108338557659	0	0	
0	0	0	0	0	0	0	0	0	0	0	0	0	0	1.02030192394997	0	0	0	0	0	
0	0	0	0	0	0	0	0	0	0	0	0	0	0	0	0	0	0	0	0	
0	0	0.992653192389143	0	0	0	0	0	1.93712065613798	0	0	0	0	0	0	0	0	0	0	0	
0	0	0	0	0	0	0	0	0	0	0	0	0	0	0	0	0	0.996931729293874	0	0.973973626246945	
0	0	0.947502908576941	0.992201322042797	0	0	0	0	0	0	0	0	0	0	1.02958051459613	1.73884518649091	0	0	0	0	
0	0	0	0	0	0	0	0	0	0	0	0	0	0	0.999959458637665	0	0	0	0	0	
0	0	0	0	0	0	0	0	0	0	0	0	0	0	0	0	0	0.989934831678815	0	0	
0	0	0	0	0	0	0	0	0	0	0	0	0	0	1.4236329339864	0	0	0	0	0	
0	0	0	0	0	0	0	0	0	0	0.978241768151901	0	0	0	0	0	0	0	0	0	
0	0	0	0	0	0	0	0	0	0.95672060410254	0	0	0	0	0.983584484647066	0	0	1.60668149470435	0	0	
0	0	0	0	0	0	0	0	0	0	0	0	0	0	0	1.33396231410617	1.00070045538183	0	0	0	
0	0	0	0	0	0	0	0	0	1.38270599762779	0	0	0	0	0	1.02124774024081	0	0	0	0	
0	0	0	0	0	0	0	0	0	0	0	0	0	0	0.937483266450591	0	0	0	0	0	
0	0.985305448491386	0	0	0	0	2.09794599010017	0	0	0	0	0	0	0.98620667387906	0	0	0	0	1.00351683894493	0	
0	0	0	0	0	0	0	0	0	0	0	0.982609546830031	0	0	0	0	0.975925935423096	0	0	0	
0	0	0	0	0	0	0	0	0	0	0.958433406447518	0	0	0	0	1.02822577688377	0	0	0	0	
0.99836904035569	0	0	0	0	0	0	1.68754935418873	0	0	0.952398584135373	0	0	0	0	0	0	0	0	0	
0	0	0	0	0	0	0	0	0	0	0	0	0	0	0	0	0	0	0	0	
0	0	0	0	0	0	1.03095434761529	0	0	0	0	0	0	0	0	0	0	0	0	0	
