	POLYMORPHISMS								PATHOGENIC SNPS							
Gene(Protein Name)	N-terminal	VSD	S5	Pore loop	S6	Ils	Els	C-terminal	N-terminal	VSD	S5	Pore loop	S6	Ils	Els	C-terminal
SCN1A(Nav1.1)	0.81300813	3.216434691	0	0.793650794	0.793650794	2.403426561	0	2.242152466	21.95121951	255.580201784	128.35526316	214.56719779	277.90053109	361.401494822	104.825174821	15.69506726
SCN2A(Nav1.2)	0.806451613	1.419948546	0	0.787401575	0.787401575	0.613496933	0	0.436681223	2.419354839	81.858094326	66.57894737	16.321385283	28.139567098	99.351020187	60	1.746724891
SCN3A(Nav1.3)	0	1.226537035	0	0	0	1.226537035	0	0.873362445	0	0.460829493	18.596491229	0.787401575	0.787401575	19.057320722	0	0
SCN4A(Nav1.4)	4.6875	30.026576247	0	5.265647303	3.750495788	7.157258065	9.090909091	1.260504202	0.78125	11.108069407	51.74707602	2.46436154	29.13102821	77.629450987	11.11111111	0.420168067
SCN5A(Nav1.5)	3.174603175	9.053758192	0	2.654867257	2.654867257	5.879155017	0	2.049180328	6.349206349	99.5813824	79.86842105	42.371427804	46.986812424	133.357007351	59.74358975	7.786885246
SCN8A(Nav1.6)	0.787401575	21.62795318	6.666666667	0	0	27.507218272	0	0	0	109.549925307	55.78947368	0.909090909	20.909090909	102.006065657	83.33333333	4.205607477
SCN9A(Nav1.7)	0	2.110846799	0	1.886792453	1.886792453	2.110846799	0	0.438596491	1.652892562	23.054886971	28.28947368	1.886792453	21.886792453	57.191468089	12.5	0
SCN10A(Nav1.8)	4	21.66463549	8.333333333	9.957335477	5.341950862	9.972327798	16.025641025	1.709401709	0	0	0	0	0	0	0	0
SCN11A(Nav1.9)	0.793650794	5.940247168	11.513157895	9.470404985	9.470404985	16.659754269	0	1.604278075	0	0	0	0	0	0	0	0
CACNA1S(Cav1.1)	0	41.537696272	5	15.003470824	7.222222222	23.35787171	37.470238096	2.845528455	0	10.52631579	15.789473685	0	0	10.52631579	0	0
CACNA1C(Cav1.2)	1.612903226	0.680272109	0	1.111111111	8	1.520608243	1.923076923	2.152080344	0	1.360544218	0	0	4	16.381552621	0	0.143472023
CACNA1D(Cav1.3)	0	0	0	0	0	0	0	0.143472023	0	0	0	0	20	0.854700855	0	0
CACNA1F(Cav1.4)	2.173913043	9.090909091	0	2.603648424	5.111111111	1.27388535	0	0.373134328	1.086956522	20.366402732	9.761904762	5.962234282	15.333333333	23.699736065	0	0.746268657
CACNA1A(Cav2.1)	1.020408163	1.325757576	0	0	0	2.113159151	0	0.143266476	0	44.876395534	20.78947368	15.746764982	21.597701149	23.793624178	18.18181818	0.429799427
CACNA1B(Cav2.2)	0	13.937337173	0	0	0	2.270670506	6.666666667	0	0	0	0	1.149425287	1.149425287	0	0	0
CACNA1E(Cav2.3)	0	0.224719101	0	0	0	0.224719101	0	0.169779287	0	0	0	0	4	0	0	0
CACNA1G(Cav3.1)	0	0	0	0	0	0	0	0	0	4.166666667	4.166666667	0	0	14.378265413	0	0.191204589
CACNA1H(Cav3.2)	0	16.222411468	4.761904762	9.738724632	3.896103896	34.752247643	24.188311688	3.87755102	0	5.626794259	4.761904762	1.298701299	1.298701299	2.502673797	0	0.408163265
CACNA1I(Cav3.3)	0	6.578947368	0	0	0	0.328947368	6.25	0.405679513	0	0	0	0	0	0	0	0
KCNA1(Kv1.1)	0	0	0	0	0	0	0	0	0	54.978354974	13.63636364	0	24.13793103	24.848484847	0	0
KCNA2(Kv1.2)	0	0	0	0	0	0	0	0	0.625	19.047619052	9.090909091	7.317073171	10.34482759	13.33333333	0	0
KCNA3(Kv1.3)	0	0	0	0	0	0	0	0	0	0	0	0	0	0	0	0
KCNA4(Kv1.4)	0	0	0	0	0	0	0	0	0	0	0	0	0	0	0	0
KCNA5(Kv1.5)	2.024291498	4.545454545	0	0	0	0	3.703703704	3.333333333	0.4048583	0	0	0	0	0	0	2.222222222
KCNA6(Kv1.6)	0	0	0	0	0	0	0	0	0	0	0	0	0	0	0	0
KCNA7(Kv1.7)	0	0	0	0	0	0	2.272727273	1.587301587	0	0	0	0	0	0	0	0
KCNA10(Kv1.8)	0	4.761904762	0	0	0	0	3.125	0	0	0	0	0	0	0	0	0
KCNB1(Kv2.1)	0	0	0	0	0	0	0	2.054794521	0	22.72727273	14.28571429	20	10.34482759	14.28571429	5	0.228310502
KCNB2(Kv2.2)	0	0	0	0	0	0	0	0.205338809	0	0	0	0	0	0	0	0
KCNC1(Kv3.1)	0	0	0	0	0	0	0	0	0	4.347826087	0	0	0	0	0	0
KCNC2(Kv3.2)	0	0	0	0	0	0	0	0	0	0	0	0	0	0	0	0
KCNC3(Kv3.3)	1.724137931	0	0	0	0	0	0	0.917431193	0	13.04347826	4.545454545	0	4.545454545	0	0	0.458715596
KCNC4(Kv3.4)	0	4.761904762	0	0	0	0	0	1.226993865	0	0	0	0	0	0	0	0
KCND1(Kv4.1)	0	0	0	0	0	0	0	0	0	0	0	0	0	0	0	0
KCND2(Kv4.2)	0	4.545454545	0	0	0	0	0	0	0	0	0	0	0	0	0	0
KCND3(Kv4.3)	0	0	0	0	0	0	0	0.790513834	0	0	4.761904762	12.5	14.28571429	0	0	0
KCNF1(Kv5.1)	0	0	0	0	0	0	0	0	0	0	0	0	0	0	0	0
KCNG1(Kv6.1)	0	4.761904762	0	0	0	0	0	0	0	0	0	0	0	0	0	0
KCNG2(Kv6.2)	0	0	0	0	0	0	0	0	0	0	0	0	0	0	0	0
KCNG3(Kv6.3)	0	0	0	0	0	0	0	0	0	0	0	0	0	0	0	0
KCNG4(Kv6.4)	0.917431193	0	0	2.380952381	0	0	19.047619052	0	0	0	0	0	0	0	0	0
KCNQ1(Kv7.1)	0.826446281	4.761904762	0	2.222222222	0	0	0	1.219512195	6.611570248	141.821946172	61.9047619	48.88888889	61.9047619	138.18681319	32.5	13.41463415
KCNQ2(Kv7.2)	2.197802198	0	0	0	0	0	0	2.142857143	4.395604396	142.857142864	52.38095238	97.43589744	61.9047619	76.58862876	87.5	12.32142857
KCNQ3(Kv7.3)	0	0	0	0	0	0	0	1.535508637	0	9.090909091	0	14.58333333	4.761904762	0	0	0.575815739
KCNQ4(Kv7.4)	1.030927835	0	0	0	0	0	0	0.529100529	1.030927835	4.761904762	0	36.84210526	4.761904762	15.38461538	0	0.529100529
KCNQ5(Kv7.5)	0	0	0	0	0	0	0	0	0	4.761904762	0	0	4.761904762	0	0	0.341296928
KCNV1(Kv8.1)	0.476190476	0	0	0	0	0	0	0	0	0	0	0	0	0	0	0
KCNV2(Kv8.2)	1.290322581	0	0	0	0	1.851851852	2.352941176	3.773584906	0.64516129	4.761904762	0	2.5	0	0	4.705882353	0
KCNS1(Kv9.1)	0	0	0	0	0	0	0	3.225806452	0	0	0	0	0	0	0	0
KCNS2(Kv9.2)	0	0	0	0	0	0	0	0	0	0	0	0	0	0	0	0
KCNS3(Kv9.3)	0	4.347826087	0	0	0	0	0	1.282051282	0	0	0	0	0	0	0	0
KCNH1(Kv10.1)	0	0	0	0	0	0	0	0	0.909090909	13.04347826	13.63636364	0	14.28571429	11.11111111	0	0.610997963
KCNH5(Kv10.2)	0	0	4.761904762	0	0	0	0	0.575815739	0	0	0	0	0	0	0	0
KCNH2(Kv11.1)	0.992555831	4.761904762	0	0	0	0	0	1.8	10.17369727	47.619047628	47.61904762	60	28.57142857	16.66666667	11.53846154	7.2
KCNH6(Kv11.2)	0.383141762	0	0	0	0	0	0	0.207039337	0	0	0	0	0	0	0	0
KCNH7(Kv11.3)	0	0	0	0	0	0	0	0.187265918	0	0	0	0	0	0	0	0
KCNH8(Kv12.1)	0	0	0	0	0	0	0	0.313479624	0	0	0	0	0	0	0	0
KCNH3(Kv12.2)	0	0	0	0	0	0	0	0	0	0	0	0	0	0	0	0
KCNH4(Kv12.3)	0	0	0	0	0	0	0	0	0	0	0	0	0	0	0	0
